Data Collection of times taken to generate 198 noise textures in miliseconds.

List of idividual times.
10
10
10
10
10
10
10
10
0
0
0
0
0
10
10
10
10
10
10
0
10
10
0
0
0
0
10
10
10
10
10
10
10
10
10
10
10
10
10
10
20
10
10
10
0
10
10
10
10
10
10
10
10
10
10
10
10
10
10
10
10
10
10
10
0
10
10
10
10
10
0
10
10
10
10
10
10
10
10
10
10
10
10
10
10
10
10
10
10
10
10
20
10
10
10
10
10
10
10
10
10
10
0
10
10
10
10
10
10
10
10
10
10
10
10
10
10
10
10
10
10
10
10
10
10
10
10
10
10
10
10
10
10
10
10
10
10
10
10
10
10
1
5
7
8
8
10
10
10
10
10
10
10
10
10
10
10
10
10
10
0
0
0
0
10
10
0
0
0
0
0
0
0
0
0
0
0
0
10
10
10
10
10
10
10
10
10
10
10
10
10
10
10
10
10
10
10
10

Fastest time: 0
Slowest time: 20
Total time for 198 loops: 1679
Mean time: 8
